title:Kendra

// Hung Jury SR4 (Adept) - Hung Jury Adept (pve)
//notes: Kendra tags:pve
dimwishlist:item=2883684343&perks=247725512,3824105627
dimwishlist:item=2883684343&perks=247725512,3891536761
dimwishlist:item=2883684343&perks=247725512,4104185692
dimwishlist:item=2883684343&perks=1820235745,3824105627
dimwishlist:item=2883684343&perks=1820235745,3891536761
dimwishlist:item=2883684343&perks=1820235745,4104185692


// Randy's Throwing Knife - Randy’s Throwing Knife (pve)
//notes: tags:pve
dimwishlist:item=3292795429&perks=839105230,1087426260,691659142,1015611457,2302094943
dimwishlist:item=3292795429&perks=839105230,1087426260,691659142,3891536761,2302094943
dimwishlist:item=3292795429&perks=839105230,1087426260,691659142,3751912585,2302094943
dimwishlist:item=3292795429&perks=839105230,1087426260,744594675,1015611457,2302094943
dimwishlist:item=3292795429&perks=839105230,1087426260,744594675,3891536761,2302094943
dimwishlist:item=3292795429&perks=839105230,1087426260,744594675,3751912585,2302094943
dimwishlist:item=3292795429&perks=839105230,1087426260,247725512,1015611457,2302094943
dimwishlist:item=3292795429&perks=839105230,1087426260,247725512,3891536761,2302094943
dimwishlist:item=3292795429&perks=839105230,1087426260,247725512,3751912585,2302094943
dimwishlist:item=3292795429&perks=839105230,1968497646,691659142,1015611457,2302094943
dimwishlist:item=3292795429&perks=839105230,1968497646,691659142,3891536761,2302094943
dimwishlist:item=3292795429&perks=839105230,1968497646,691659142,3751912585,2302094943
dimwishlist:item=3292795429&perks=839105230,1968497646,744594675,1015611457,2302094943
dimwishlist:item=3292795429&perks=839105230,1968497646,744594675,3891536761,2302094943
dimwishlist:item=3292795429&perks=839105230,1968497646,744594675,3751912585,2302094943
dimwishlist:item=3292795429&perks=839105230,1968497646,247725512,1015611457,2302094943
dimwishlist:item=3292795429&perks=839105230,1968497646,247725512,3891536761,2302094943
dimwishlist:item=3292795429&perks=839105230,1968497646,247725512,3751912585,2302094943
dimwishlist:item=3292795429&perks=839105230,3230963543,691659142,1015611457,2302094943
dimwishlist:item=3292795429&perks=839105230,3230963543,691659142,3891536761,2302094943
dimwishlist:item=3292795429&perks=839105230,3230963543,691659142,3751912585,2302094943
dimwishlist:item=3292795429&perks=839105230,3230963543,744594675,1015611457,2302094943
dimwishlist:item=3292795429&perks=839105230,3230963543,744594675,3891536761,2302094943
dimwishlist:item=3292795429&perks=839105230,3230963543,744594675,3751912585,2302094943
dimwishlist:item=3292795429&perks=839105230,3230963543,247725512,1015611457,2302094943
dimwishlist:item=3292795429&perks=839105230,3230963543,247725512,3891536761,2302094943
dimwishlist:item=3292795429&perks=839105230,3230963543,247725512,3751912585,2302094943
dimwishlist:item=3292795429&perks=1482024992,1087426260,691659142,1015611457,2302094943
dimwishlist:item=3292795429&perks=1482024992,1087426260,691659142,3891536761,2302094943
dimwishlist:item=3292795429&perks=1482024992,1087426260,691659142,3751912585,2302094943
dimwishlist:item=3292795429&perks=1482024992,1087426260,744594675,1015611457,2302094943
dimwishlist:item=3292795429&perks=1482024992,1087426260,744594675,3891536761,2302094943
dimwishlist:item=3292795429&perks=1482024992,1087426260,744594675,3751912585,2302094943
dimwishlist:item=3292795429&perks=1482024992,1087426260,247725512,1015611457,2302094943
dimwishlist:item=3292795429&perks=1482024992,1087426260,247725512,3891536761,2302094943
dimwishlist:item=3292795429&perks=1482024992,1087426260,247725512,3751912585,2302094943
dimwishlist:item=3292795429&perks=1482024992,1968497646,691659142,1015611457,2302094943
dimwishlist:item=3292795429&perks=1482024992,1968497646,691659142,3891536761,2302094943
dimwishlist:item=3292795429&perks=1482024992,1968497646,691659142,3751912585,2302094943
dimwishlist:item=3292795429&perks=1482024992,1968497646,744594675,1015611457,2302094943
dimwishlist:item=3292795429&perks=1482024992,1968497646,744594675,3891536761,2302094943
dimwishlist:item=3292795429&perks=1482024992,1968497646,744594675,3751912585,2302094943
dimwishlist:item=3292795429&perks=1482024992,1968497646,247725512,1015611457,2302094943
dimwishlist:item=3292795429&perks=1482024992,1968497646,247725512,3891536761,2302094943
dimwishlist:item=3292795429&perks=1482024992,1968497646,247725512,3751912585,2302094943
dimwishlist:item=3292795429&perks=1482024992,3230963543,691659142,1015611457,2302094943
dimwishlist:item=3292795429&perks=1482024992,3230963543,691659142,3891536761,2302094943
dimwishlist:item=3292795429&perks=1482024992,3230963543,691659142,3751912585,2302094943
dimwishlist:item=3292795429&perks=1482024992,3230963543,744594675,1015611457,2302094943
dimwishlist:item=3292795429&perks=1482024992,3230963543,744594675,3891536761,2302094943
dimwishlist:item=3292795429&perks=1482024992,3230963543,744594675,3751912585,2302094943
dimwishlist:item=3292795429&perks=1482024992,3230963543,247725512,1015611457,2302094943
dimwishlist:item=3292795429&perks=1482024992,3230963543,247725512,3891536761,2302094943
dimwishlist:item=3292795429&perks=1482024992,3230963543,247725512,3751912585,2302094943
dimwishlist:item=3292795429&perks=1840239774,1087426260,691659142,1015611457,2302094943
dimwishlist:item=3292795429&perks=1840239774,1087426260,691659142,3891536761,2302094943
dimwishlist:item=3292795429&perks=1840239774,1087426260,691659142,3751912585,2302094943
dimwishlist:item=3292795429&perks=1840239774,1087426260,744594675,1015611457,2302094943
dimwishlist:item=3292795429&perks=1840239774,1087426260,744594675,3891536761,2302094943
dimwishlist:item=3292795429&perks=1840239774,1087426260,744594675,3751912585,2302094943
dimwishlist:item=3292795429&perks=1840239774,1087426260,247725512,1015611457,2302094943
dimwishlist:item=3292795429&perks=1840239774,1087426260,247725512,3891536761,2302094943
dimwishlist:item=3292795429&perks=1840239774,1087426260,247725512,3751912585,2302094943
dimwishlist:item=3292795429&perks=1840239774,1968497646,691659142,1015611457,2302094943
dimwishlist:item=3292795429&perks=1840239774,1968497646,691659142,3891536761,2302094943
dimwishlist:item=3292795429&perks=1840239774,1968497646,691659142,3751912585,2302094943
dimwishlist:item=3292795429&perks=1840239774,1968497646,744594675,1015611457,2302094943
dimwishlist:item=3292795429&perks=1840239774,1968497646,744594675,3891536761,2302094943
dimwishlist:item=3292795429&perks=1840239774,1968497646,744594675,3751912585,2302094943
dimwishlist:item=3292795429&perks=1840239774,1968497646,247725512,1015611457,2302094943
dimwishlist:item=3292795429&perks=1840239774,1968497646,247725512,3891536761,2302094943
dimwishlist:item=3292795429&perks=1840239774,1968497646,247725512,3751912585,2302094943
dimwishlist:item=3292795429&perks=1840239774,3230963543,691659142,1015611457,2302094943
dimwishlist:item=3292795429&perks=1840239774,3230963543,691659142,3891536761,2302094943
dimwishlist:item=3292795429&perks=1840239774,3230963543,691659142,3751912585,2302094943
dimwishlist:item=3292795429&perks=1840239774,3230963543,744594675,1015611457,2302094943
dimwishlist:item=3292795429&perks=1840239774,3230963543,744594675,3891536761,2302094943
dimwishlist:item=3292795429&perks=1840239774,3230963543,744594675,3751912585,2302094943
dimwishlist:item=3292795429&perks=1840239774,3230963543,247725512,1015611457,2302094943
dimwishlist:item=3292795429&perks=1840239774,3230963543,247725512,3891536761,2302094943
dimwishlist:item=3292795429&perks=1840239774,3230963543,247725512,3751912585,2302094943


